0
2.33597
10.6092
32.0952
78.2869
164.411
308.272
528.467
842.245
1263.37
1800.3
2454.95
3222.12
4089.62
5038.99
6046.79
7086.09
8128.16
9144.18
10106.7
10991.1
11776.1
12445.2
12986.3
13392.2
13660
13791.3
13791.3
13668.2
13432.5
13096.7
12674.3
12179.2
11625.6
11027.2
10397.1
9747.25
9088.66
8430.92
7782.39
7150.07
6539.7
5955.8
5401.77
4880.01
4392.01
3938.49
3519.5
3134.55
2782.71
2462.7
2172.97
1911.8
1677.33
1467.67
1280.87
1115.04
968.328
838.94
725.185
625.472
538.316
462.344
396.295
339.018
289.469
246.707
209.885
178.248
151.123
127.915
108.097
91.2069
76.8387
64.638
54.2959
45.5443
38.1507
31.9145
26.6628
22.2468
18.539
15.4303
12.8276
10.6515
8.83447
7.31925
6.05731
5.00761
4.1355
3.41179
2.81191
2.31524
1.90447
1.56511
1.28504
1.05413
0.863955
0.707473
0.578842
0.473203
0.386527
0.315475
0.25728
0.209659
0.170722
0.138913
0.112948
0.0917702
0.0745107
0.0604552
0.0490178
0.0397175
0.0321606
0.0260247
0.0210461
0.0170092
0.0137382
0.0110895
0.00894619
0.00721286
0.00581202
0.00468058
0.0037673
0.00303055
0.00243656
0.00195795
0.00157253
0.00126232
0.00101279
0.000812182
0.000650985
0.000521528
0.000417614
0.000334247
0.000267398
0.00021382
0.0001709
0.000136534
0.000109031
8.703e-05
6.94389e-05
5.53799e-05
4.4149e-05
3.51813e-05
2.80237e-05
2.23134e-05
1.77596e-05
1.41297e-05
1.12374e-05
8.93372e-06
7.09965e-06
5.64002e-06
4.47884e-06
3.55544e-06
2.82141e-06
2.23814e-06
1.77483e-06
1.40695e-06
1.11494e-06
8.83241e-07
6.99461e-07
5.5374e-07
4.38236e-07
3.46714e-07
2.74219e-07
2.16815e-07
1.71375e-07
1.35417e-07
1.06971e-07
8.44757e-08
6.66913e-08
5.26358e-08
4.15305e-08
3.2759e-08
2.58328e-08
2.03653e-08
1.60507e-08
1.26467e-08
9.96189e-09
7.84499e-09
6.1763e-09
4.86129e-09
3.82528e-09
3.00929e-09
2.36677e-09
1.86096e-09
1.4629e-09
1.1497e-09
9.03334e-10
7.09592e-10
5.57272e-10
4.37545e-10
3.43462e-10
2.69547e-10
2.1149e-10
1.65901e-10
1.3011e-10
1.02018e-10
7.99742e-11
6.26798e-11
