0
1.57656e+06
1.30377e+07
7.18708e+07
3.09975e+08
1.11591e+09
3.48723e+09
9.71443e+09
2.45897e+10
5.73759e+10
1.24793e+11
2.55257e+11
4.94561e+11
9.13036e+11
1.61412e+12
2.744e+12
4.50188e+12
7.15004e+12
1.1023e+13
1.65345e+13
2.41816e+13
3.45452e+13
4.82848e+13
6.61292e+13
8.88611e+13
1.17297e+14
1.5226e+14
1.94554e+14
2.4493e+14
3.04051e+14
3.72463e+14
4.5056e+14
5.3856e+14
6.3648e+14
7.4412e+14
8.61053e+14
9.86623e+14
1.11995e+15
1.25994e+15
1.40532e+15
1.55464e+15
1.70631e+15
1.85866e+15
2.00995e+15
2.15841e+15
2.3023e+15
2.43994e+15
2.56972e+15
2.69018e+15
2.79998e+15
2.89798e+15
2.98322e+15
3.05493e+15
3.11257e+15
3.1558e+15
3.18449e+15
3.1987e+15
3.1987e+15
3.18492e+15
3.15792e+15
3.11845e+15
3.06733e+15
3.00549e+15
2.93393e+15
2.8537e+15
2.7659e+15
2.67161e+15
2.57192e+15
2.46791e+15
2.36061e+15
2.25101e+15
2.14004e+15
2.02858e+15
1.91743e+15
1.8073e+15
1.69887e+15
1.59269e+15
1.48927e+15
1.38903e+15
1.29232e+15
1.19944e+15
1.11059e+15
1.02594e+15
9.45596e+14
8.6961e+14
7.97995e+14
7.30723e+14
6.67729e+14
6.08924e+14
5.54189e+14
5.03388e+14
4.56368e+14
4.12964e+14
3.73e+14
3.36295e+14
3.02665e+14
2.71926e+14
2.43892e+14
2.18383e+14
1.95221e+14
1.74235e+14
1.55259e+14
1.38135e+14
1.22712e+14
1.08848e+14
9.64081e+13
8.52666e+13
7.53056e+13
6.64153e+13
5.84942e+13
5.14483e+13
4.51911e+13
3.96431e+13
3.47316e+13
3.03901e+13
2.65583e+13
2.31813e+13
2.02093e+13
1.75975e+13
1.53054e+13
1.32966e+13
1.15384e+13
1.00015e+13
8.65982e+12
7.49005e+12
6.4714e+12
5.58543e+12
4.81579e+12
4.14797e+12
3.56919e+12
3.06813e+12
2.63484e+12
2.26057e+12
1.93764e+12
1.65928e+12
1.41961e+12
1.21345e+12
1.0363e+12
8.84238e+11
7.53829e+11
6.42101e+11
5.46469e+11
4.64691e+11
3.94825e+11
3.3519e+11
2.84333e+11
2.41002e+11
2.04114e+11
1.72738e+11
1.46074e+11
1.23432e+11
1.04223e+11
8.7938e+10
7.41438e+10
6.24685e+10
5.25945e+10
4.42502e+10
3.7204e+10
3.12584e+10
2.62452e+10
2.20214e+10
1.84652e+10
1.54731e+10
1.29575e+10
1.0844e+10
9.06956e+09
7.58073e+09
6.33241e+09
5.28643e+09
4.41057e+09
3.67764e+09
3.0647e+09
2.55243e+09
2.12457e+09
1.76742e+09
1.46948e+09
1.22109e+09
1.01413e+09
8.41782e+08
6.9835e+08
5.79048e+08
4.79874e+08
3.97478e+08
3.2906e+08
2.72279e+08
2.25182e+08
1.86139e+08
1.53788e+08
1.26998e+08
1.04824e+08
8.64796e+07
7.13117e+07
5.87765e+07
4.84221e+07
3.98733e+07
3.28188e+07
2.70002e+07
2.22032e+07
1.82503e+07
1.49946e+07
1.23143e+07
