0
230.77
3326.67
31969.3
237380
1.45277e+06
7.62703e+06
3.53022e+07
1.46946e+08
5.58393e+08
1.95996e+09
6.41441e+09
1.97243e+10
5.73523e+10
1.58538e+11
4.1854e+11
1.05943e+12
2.58002e+12
6.06306e+12
1.37855e+13
3.0397e+13
6.51364e+13
1.35898e+14
2.76523e+14
5.4959e+14
1.0684e+15
2.03407e+15
3.79694e+15
6.95654e+15
1.25218e+16
2.21635e+16
3.86074e+16
6.62359e+16
1.11999e+17
1.86775e+17
3.07378e+17
4.99488e+17
8.01881e+17
1.27246e+18
1.99678e+18
3.1e+18
4.76342e+18
7.24721e+18
1.09214e+19
1.63076e+19
2.41352e+19
3.54158e+19
5.15413e+19
7.44128e+19
1.06608e+20
1.51596e+20
2.14018e+20
3.00037e+20
4.17787e+20
5.77939e+20
7.94404e+20
1.08521e+21
1.4736e+21
1.98937e+21
2.67047e+21
3.56508e+21
4.73396e+21
6.2534e+21
8.21876e+21
1.07486e+22
1.39897e+22
1.8123e+22
2.33706e+22
3.00037e+22
3.83526e+22
4.88174e+22
6.18812e+22
7.8125e+22
9.82448e+22
1.23072e+23
1.53593e+23
1.90981e+23
2.36618e+23
2.92132e+23
3.59434e+23
4.40756e+23
5.38701e+23
6.56296e+23
7.97044e+23
9.64992e+23
1.1648e+24
1.40183e+24
1.68219e+24
2.0129e+24
2.4019e+24
2.85827e+24
3.39223e+24
4.01537e+24
4.74072e+24
5.58296e+24
6.5585e+24
7.68575e+24
8.98519e+24
1.04797e+25
1.21945e+25
1.41578e+25
1.64007e+25
1.89572e+25
2.18652e+25
2.51661e+25
2.8905e+25
3.31317e+25
3.79002e+25
4.32694e+25
4.93033e+25
5.60713e+25
6.36485e+25
7.2116e+25
8.15613e+25
9.20784e+25
1.03768e+26
1.16739e+26
1.31107e+26
1.46996e+26
1.64536e+26
1.83869e+26
2.05144e+26
2.28516e+26
2.54155e+26
2.82235e+26
3.12942e+26
3.46472e+26
3.83028e+26
4.22827e+26
4.66094e+26
5.13061e+26
5.63976e+26
6.19092e+26
6.78673e+26
7.42995e+26
8.12342e+26
8.87005e+26
9.67289e+26
1.0535e+27
1.14597e+27
1.24501e+27
1.35097e+27
1.46419e+27
1.58501e+27
1.71379e+27
1.8509e+27
1.99668e+27
2.15153e+27
2.3158e+27
2.48988e+27
2.67413e+27
2.86893e+27
3.07466e+27
3.2917e+27
3.52041e+27
3.76116e+27
4.01431e+27
4.28023e+27
4.55926e+27
4.85174e+27
5.158e+27
5.47837e+27
5.81316e+27
6.16267e+27
6.52717e+27
6.90693e+27
7.30221e+27
7.71323e+27
8.14021e+27
8.58335e+27
9.04281e+27
9.51874e+27
1.00113e+28
1.05205e+28
1.10466e+28
1.15894e+28
1.21491e+28
1.27257e+28
1.33191e+28
1.39292e+28
1.45561e+28
1.51994e+28
1.58592e+28
1.65351e+28
1.72271e+28
1.79348e+28
1.8658e+28
1.93963e+28
2.01495e+28
2.09171e+28
2.16987e+28
2.24939e+28
2.33023e+28
2.41233e+28
2.49565e+28
2.58011e+28
2.66568e+28
2.75228e+28
2.83985e+28
2.92833e+28
3.01764e+28
