0
1594.69
4828.36
9737.93
15835.2
22170.5
27713.2
31672.3
33651.8
33651.8
31969.2
29062.9
25430
21517.7
17675.3
14140.2
11047
8447.74
6335.81
4668.49
3384.65
2417.61
1703.32
1184.92
814.63
553.948
372.85
248.566
164.231
107.6
69.9399
45.1225
28.9066
18.3951
11.6322
7.31168
4.5698
2.84068
1.75674
1.08107
0.662156
0.403753
0.245136
0.148222
0.0892699
0.053562
0.0320207
0.0190762
0.0113265
0.00670343
0.00395502
0.00232648
0.00136457
0.000798146
0.000465585
0.000270886
0.000157211
9.10167e-05
5.257e-05
3.02946e-05
1.74194e-05
9.99472e-06
5.72278e-06
3.27016e-06
1.86501e-06
1.06162e-06
6.03195e-07
3.42111e-07
1.93695e-07
1.0948e-07
6.17779e-08
3.48044e-08
1.95775e-08
1.09956e-08
6.16644e-09
3.45321e-09
1.93107e-09
1.07839e-09
6.0141e-10
3.34962e-10
1.86323e-10
1.03513e-10
5.74369e-11
3.18325e-11
1.76216e-11
9.74369e-12
5.38169e-12
2.96921e-12
1.63644e-12
9.0096e-13
4.95528e-13
2.72268e-13
1.49452e-13
8.19573e-14
4.49021e-14
2.4578e-14
1.34411e-14
7.34411e-15
4.00928e-15
2.18688e-15
1.19185e-15
6.49027e-16
3.53147e-16
1.92002e-16
1.04309e-16
5.66249e-17
3.07163e-17
1.665e-17
9.01874e-18
4.8817e-18
2.64056e-18
1.42733e-18
7.71012e-19
4.1621e-19
2.24534e-19
1.21053e-19
6.52227e-20
3.51199e-20
1.88993e-20
1.01643e-20
5.46332e-21
2.93484e-21
1.57567e-21
8.45483e-22
4.53424e-22
2.43035e-22
1.30198e-22
6.97121e-23
3.73068e-23
1.99548e-23
1.06682e-23
5.70054e-24
3.04461e-24
1.62532e-24
8.6724e-25
4.62528e-25
2.46568e-25
1.31383e-25
6.99758e-26
3.72533e-26
1.98241e-26
1.05447e-26
5.60652e-27
2.97969e-27
1.58296e-27
8.40607e-28
4.46212e-28
2.36766e-28
1.25582e-28
6.65837e-29
3.52893e-29
1.86963e-29
9.90168e-30
5.24207e-30
2.77421e-30
1.46765e-30
7.76159e-31
4.10326e-31
2.1685e-31
1.14562e-31
6.05031e-32
3.19426e-32
1.68586e-32
8.89473e-33
4.69143e-33
2.47366e-33
1.30389e-33
6.87078e-34
3.61943e-34
1.90609e-34
1.0035e-34
5.28158e-35
2.77897e-35
1.46177e-35
7.6869e-36
4.04111e-36
2.12388e-36
1.11594e-36
5.86181e-37
3.07827e-37
1.61609e-37
8.48224e-38
4.45085e-38
2.33487e-38
1.22454e-38
6.42055e-39
3.36561e-39
1.7638e-39
9.24117e-40
4.84061e-40
2.53495e-40
1.3272e-40
6.94706e-41
3.63551e-41
1.90208e-41
9.94936e-42
5.20311e-42
2.72041e-42
1.42203e-42
7.43172e-43
3.88307e-43
