0
1.66801e+14
2.00377e+15
1.60469e+16
9.92932e+16
5.06396e+17
2.21548e+18
8.54543e+18
2.96419e+19
9.38662e+19
2.74559e+20
7.48796e+20
1.91879e+21
4.64938e+21
1.07102e+22
2.35624e+22
4.97019e+22
1.00866e+23
1.97528e+23
3.74264e+23
6.87711e+23
1.22805e+24
2.13514e+24
3.62046e+24
5.99638e+24
9.71414e+24
1.54119e+25
2.3974e+25
3.66031e+25
5.49047e+25
8.09845e+25
1.17558e+26
1.68071e+26
2.36828e+26
3.29121e+26
4.51366e+26
6.11225e+26
8.17719e+26
1.08133e+27
1.41404e+27
1.82942e+27
2.34255e+27
2.97001e+27
3.72978e+27
4.64104e+27
5.72395e+27
6.99939e+27
8.48863e+27
1.02129e+28
1.21929e+28
1.44486e+28
1.69984e+28
1.98587e+28
2.30436e+28
2.65641e+28
3.0428e+28
3.4639e+28
3.91967e+28
4.40963e+28
4.93281e+28
5.48775e+28
6.07251e+28
6.68466e+28
7.3213e+28
7.97907e+28
8.65422e+28
9.34262e+28
1.00398e+29
1.07411e+29
1.14417e+29
1.21363e+29
1.28201e+29
1.34878e+29
1.41345e+29
1.47552e+29
1.53454e+29
1.59007e+29
1.64169e+29
1.68905e+29
1.73181e+29
1.7697e+29
1.80247e+29
1.82994e+29
1.85199e+29
1.86853e+29
1.87952e+29
1.88498e+29
1.88498e+29
1.87963e+29
1.86907e+29
1.85349e+29
1.83312e+29
1.80822e+29
1.77905e+29
1.74593e+29
1.70918e+29
1.66912e+29
1.6261e+29
1.58047e+29
1.53258e+29
1.48277e+29
1.43138e+29
1.37876e+29
1.32522e+29
1.27106e+29
1.21659e+29
1.16207e+29
1.10777e+29
1.05392e+29
1.00074e+29
9.48426e+28
8.9716e+28
8.47095e+28
7.98368e+28
7.51097e+28
7.05378e+28
6.61292e+28
6.18901e+28
5.78253e+28
5.39379e+28
5.02297e+28
4.67011e+28
4.33517e+28
4.01796e+28
3.71823e+28
3.43565e+28
3.16979e+28
2.9202e+28
2.68636e+28
2.4677e+28
2.26364e+28
2.07356e+28
1.89684e+28
1.73283e+28
1.58088e+28
1.44036e+28
1.31062e+28
1.19104e+28
1.081e+28
9.79897e+27
8.87156e+27
8.02216e+27
7.24537e+27
6.53603e+27
5.88923e+27
5.30031e+27
4.76483e+27
4.27863e+27
3.83775e+27
3.43853e+27
3.07748e+27
2.75139e+27
2.45724e+27
2.19225e+27
1.9538e+27
1.73952e+27
1.54717e+27
1.37471e+27
1.22027e+27
1.08213e+27
9.58699e+26
8.48538e+26
7.50328e+26
6.62866e+26
5.8506e+26
5.15917e+26
4.54535e+26
4.001e+26
3.51873e+26
3.09191e+26
2.71451e+26
2.38115e+26
2.08697e+26
1.8276e+26
1.59915e+26
1.39812e+26
1.22137e+26
1.06611e+26
9.2985e+25
8.10372e+25
7.05699e+25
6.14075e+25
5.33942e+25
4.63917e+25
4.02775e+25
3.49435e+25
3.02938e+25
2.62438e+25
2.2719e+25
1.96538e+25
1.69902e+25
1.46774e+25
1.26707e+25
1.09309e+25
9.4237e+24
8.11888e+24
6.99011e+24
6.01433e+24
5.17141e+24
4.44378e+24
3.81609e+24
