0
0.000293933
0.00160193
0.00581546
0.0170221
0.0428981
0.0965211
0.198558
0.379742
0.683535
1.16884
1.91265
3.01243
4.58816
6.78393
9.76886
13.7375
18.9092
25.5274
33.8574
44.1839
56.8079
72.0428
90.2101
111.635
136.641
165.546
198.655
236.258
278.621
325.987
378.566
436.533
500.029
569.151
643.954
724.448
810.598
902.324
999.497
1101.95
1209.45
1321.76
1438.57
1559.54
1684.3
1812.45
1943.57
2077.19
2212.84
2350.03
2488.27
2627.04
2765.83
2904.12
3041.4
3177.18
3310.96
3442.25
3570.61
3695.58
3816.75
3933.71
4046.1
4153.58
4255.82
4352.54
4443.49
4528.44
4607.2
4679.6
4745.51
4804.82
4857.48
4903.43
4942.66
4975.17
5001.02
5020.25
5032.96
5039.25
5039.25
5033.11
5020.98
5003.05
4979.51
4950.55
4916.41
4877.31
4833.46
4785.13
4732.55
4675.96
4615.63
4551.79
4484.71
4414.64
4341.82
4266.5
4188.93
4109.34
4027.97
3945.04
3860.78
3775.39
3689.1
3602.09
3514.56
3426.7
3338.68
3250.66
3162.8
3075.26
2988.17
2901.67
2815.88
2730.92
2646.89
2563.9
2482.02
2401.36
2321.98
2243.94
2167.32
2092.16
2018.52
1946.43
1875.93
1807.05
1739.81
1674.23
1610.33
1548.11
1487.58
1428.75
1371.6
1316.13
1262.33
1210.19
1159.69
1110.82
1063.55
1017.86
973.732
931.131
890.033
850.408
812.226
775.457
740.067
706.024
673.294
641.844
611.64
582.646
554.83
528.155
502.589
478.095
454.642
432.194
410.718
390.182
370.553
351.8
333.89
316.793
300.479
284.919
270.083
255.943
242.472
229.644
217.432
205.81
194.755
184.243
174.25
164.755
155.734
147.169
139.038
131.322
124.003
117.061
110.481
104.244
98.3347
92.738
87.4387
82.4225
77.6756
73.185
68.938
64.9225
61.1271
57.5405
54.1524
50.9524
47.9311
45.0792
