0
1.19401e+23
9.56235e+23
5.10524e+24
2.10598e+25
7.16034e+25
2.08843e+26
5.37025e+26
1.24187e+27
2.62173e+27
5.11237e+27
9.29522e+27
1.58793e+28
2.56512e+28
3.9393e+28
5.77763e+28
8.1248e+28
1.09924e+29
1.43512e+29
1.81278e+29
2.22065e+29
2.64363e+29
3.06421e+29
3.46389e+29
3.82471e+29
4.13069e+29
4.369e+29
4.53081e+29
4.61172e+29
4.61172e+29
4.53486e+29
4.38857e+29
4.18286e+29
3.92935e+29
3.64043e+29
3.32839e+29
3.0048e+29
2.67996e+29
2.36259e+29
2.0597e+29
1.77649e+29
1.51651e+29
1.28182e+29
1.07315e+29
8.90225e+28
7.31963e+28
5.96709e+28
4.82445e+28
3.86961e+28
3.0799e+28
2.43312e+28
1.90833e+28
1.48629e+28
1.14977e+28
8.83623e+27
6.74767e+27
5.121e+27
3.86321e+27
2.89741e+27
2.16078e+27
1.60258e+27
1.18223e+27
8.67603e+26
6.33488e+26
4.60269e+26
3.3281e+26
2.39522e+26
1.71598e+26
1.2239e+26
8.69144e+25
6.14609e+25
4.32823e+25
3.03578e+25
2.12088e+25
1.47602e+25
1.02337e+25
7.06936e+24
4.86592e+24
3.33753e+24
2.28135e+24
1.55417e+24
1.0553e+24
7.14257e+23
4.81908e+23
3.24141e+23
2.17365e+23
1.45331e+23
9.68875e+22
6.44082e+22
4.26975e+22
2.82278e+22
1.86117e+22
1.22392e+22
8.02789e+21
5.25229e+21
3.42781e+21
2.23165e+21
1.44942e+21
9.39166e+20
6.07137e+20
3.91604e+20
2.52022e+20
1.61838e+20
1.03702e+20
6.63094e+19
4.23117e+19
2.69438e+19
1.71231e+19
1.08605e+19
6.875e+18
4.34375e+18
2.7393e+18
1.72429e+18
1.08341e+18
6.79504e+17
4.25429e+17
2.65893e+17
1.65899e+17
1.03335e+17
6.4259e+16
3.98941e+16
2.47278e+16
1.53028e+16
9.45541e+15
5.83338e+15
3.59336e+15
2.2102e+15
1.35745e+15
8.32497e+14
5.09824e+14
3.11777e+14
1.90398e+14
1.16114e+14
7.0716e+13
4.30101e+13
2.61247e+13
1.58477e+13
9.60115e+12
5.80939e+12
3.51071e+12
2.11897e+12
1.27739e+12
7.69133e+11
4.62555e+11
2.77854e+11
1.66713e+11
9.99134e+10
5.98121e+10
3.5766e+10
2.13636e+10
1.2747e+10
7.59752e+09
4.52352e+09
2.69046e+09
1.59855e+09
9.48819e+08
5.62601e+08
3.3326e+08
1.97214e+08
1.16592e+08
6.88622e+07
4.0633e+07
2.39534e+07
1.41075e+07
8.30107e+06
4.88002e+06
2.86628e+06
1.68201e+06
986177
577701
338125
197734
115536
67451.9
39347
22933.7
13356.2
7772.28
4519.27
2625.72
1524.38
884.308
512.607
296.92
171.859
99.3993
57.4485
33.1788
19.1484
11.0433
6.36441
3.66537
2.10949
1.21323
0.697296
0.400498
0.229878
0.131859
0.0755857
0.0433004
0.0247895
