0
0.0208013
0.206426
1.36551
7.06726
30.5307
114.49
382.724
1162.53
3255.07
8495.73
20853.2
48483.6
107410
227862
464839
915152
1.74417e+06
3.22672e+06
5.80809e+06
1.01932e+07
1.74741e+07
2.93088e+07
4.81683e+07
7.76714e+07
1.23032e+08
1.91645e+08
2.93856e+08
4.43933e+08
6.61306e+08
9.7212e+08
1.41114e+09
2.02411e+09
2.87055e+09
4.02722e+09
5.59208e+09
7.68911e+09
1.04738e+10
1.41396e+10
1.89254e+10
2.51234e+10
3.30894e+10
4.32526e+10
5.61277e+10
7.23283e+10
9.25802e+10
1.17738e+11
1.48801e+11
1.86931e+11
2.33473e+11
2.89973e+11
3.58202e+11
4.40175e+11
5.38176e+11
6.54781e+11
7.92881e+11
9.55704e+11
1.14685e+12
1.37028e+12
1.6304e+12
1.93203e+12
2.28043e+12
2.68134e+12
3.141e+12
3.66613e+12
4.264e+12
4.94236e+12
5.70953e+12
6.57436e+12
7.54622e+12
8.63503e+12
9.85123e+12
1.12058e+13
1.27101e+13
1.43762e+13
1.62163e+13
1.82434e+13
2.04705e+13
2.29112e+13
2.55793e+13
2.8489e+13
3.16544e+13
3.50901e+13
3.88105e+13
4.28301e+13
4.71635e+13
5.1825e+13
5.68288e+13
6.21888e+13
6.79186e+13
7.40312e+13
8.05395e+13
8.74554e+13
9.47903e+13
1.02555e+14
1.10759e+14
1.19413e+14
1.28522e+14
1.38096e+14
1.48139e+14
1.58657e+14
1.69653e+14
1.8113e+14
1.93088e+14
2.05527e+14
2.18446e+14
2.31841e+14
2.45709e+14
2.60042e+14
2.74833e+14
2.90074e+14
3.05753e+14
3.2186e+14
3.3838e+14
3.55299e+14
3.72601e+14
3.90267e+14
4.08279e+14
4.26617e+14
4.45259e+14
4.64183e+14
4.83364e+14
5.02778e+14
5.22399e+14
5.42199e+14
5.62152e+14
5.82229e+14
6.02401e+14
6.22638e+14
6.42909e+14
6.63186e+14
6.83436e+14
7.03628e+14
7.23732e+14
7.43715e+14
7.63548e+14
7.83198e+14
8.02635e+14
8.21828e+14
8.40748e+14
8.59365e+14
8.77649e+14
8.95573e+14
9.13109e+14
9.3023e+14
9.4691e+14
9.63124e+14
9.78848e+14
9.9406e+14
1.00874e+15
1.02286e+15
1.03641e+15
1.04936e+15
1.06171e+15
1.07343e+15
1.08451e+15
1.09494e+15
1.1047e+15
1.11379e+15
1.1222e+15
1.12991e+15
1.13693e+15
1.14325e+15
1.14886e+15
1.15376e+15
1.15796e+15
1.16144e+15
1.16423e+15
1.1663e+15
1.16768e+15
1.16837e+15
1.16837e+15
1.16769e+15
1.16634e+15
1.16433e+15
1.16167e+15
1.15837e+15
1.15444e+15
1.1499e+15
1.14476e+15
1.13904e+15
1.13275e+15
1.1259e+15
1.11852e+15
1.11062e+15
1.10221e+15
1.09332e+15
1.08397e+15
1.07417e+15
1.06393e+15
1.0533e+15
1.04227e+15
1.03087e+15
1.01912e+15
1.00703e+15
9.94639e+14
9.81952e+14
9.68993e+14
9.55779e+14
9.42331e+14
9.28667e+14
