0
1.10209e+12
6.07601e+12
2.23295e+13
6.42039e+13
1.5409e+14
3.21021e+14
5.96182e+14
1.00606e+15
1.56498e+15
2.26922e+15
3.09439e+15
3.99692e+15
4.91928e+15
5.79772e+15
6.57075e+15
7.18676e+15
7.60951e+15
7.82089e+15
7.82089e+15
7.62536e+15
7.26225e+15
6.7671e+15
6.17866e+15
5.53505e+15
4.87084e+15
4.21515e+15
3.59068e+15
3.01361e+15
2.49402e+15
2.03678e+15
1.64257e+15
1.30892e+15
1.03127e+15
8.03785e+14
6.20063e+14
4.73659e+14
3.58445e+14
2.68833e+14
1.99902e+14
1.47428e+14
1.07874e+14
7.8337e+13
5.64755e+13
4.04313e+13
2.87512e+13
2.03133e+13
1.42625e+13
9.95407e+12
6.9069e+12
4.76576e+12
3.27062e+12
2.23283e+12
1.51664e+12
1.02513e+12
6.89636e+11
4.6181e+11
3.07873e+11
2.04364e+11
1.35088e+11
8.89331e+10
5.83168e+10
3.8094e+10
2.47913e+10
1.60756e+10
1.03873e+10
6.68881e+09
4.29282e+09
2.74614e+09
1.75116e+09
1.11324e+09
7.05574e+08
4.45884e+08
2.80968e+08
1.76554e+08
1.10641e+08
6.91504e+07
4.31067e+07
2.68035e+07
1.6625e+07
1.02867e+07
6.34982e+06
3.91056e+06
2.40287e+06
1.47319e+06
901246
550179
335167
203766
123633
74866.9
45249.2
27297.1
16436.9
9879.65
5927.79
3550.5
2122.98
1267.29
755.253
449.376
266.956
158.341
93.775
55.4535
32.744
19.3066
11.3674
6.68363
3.92433
2.30109
1.34748
0.788037
0.460269
0.26849
0.156425
0.0910231
0.0529023
0.0307102
0.0178068
0.0103131
0.00596625
0.00344771
0.00199014
0.00114754
0.000660984
0.000380328
0.000218614
0.000125532
7.20106e-05
4.12676e-05
2.36265e-05
1.35136e-05
7.72209e-06
4.4085e-06
2.51448e-06
1.43288e-06
8.15802e-07
4.64062e-07
2.63747e-07
1.49771e-07
8.49763e-08
4.81732e-08
2.72869e-08
1.54436e-08
8.73364e-09
4.93511e-09
2.78649e-09
1.57211e-09
8.86288e-10
4.99276e-10
2.81049e-10
1.5809e-10
8.88611e-11
4.99123e-11
2.80153e-11
1.57137e-11
8.80768e-12
4.93341e-12
2.76147e-12
1.5447e-12
8.63496e-13
4.82385e-13
2.69307e-13
1.50254e-13
8.37777e-14
4.66834e-14
2.59973e-14
1.44688e-14
8.04771e-15
4.47358e-15
2.48532e-15
1.37993e-15
7.65742e-16
4.24679e-16
2.35393e-16
1.30403e-16
7.22003e-17
3.99535e-17
2.20972e-17
1.22148e-17
6.74854e-18
3.72653e-18
2.05672e-18
1.13455e-18
6.25534e-19
3.44716e-19
1.89871e-19
1.0453e-19
5.75191e-20
3.16355e-20
1.73912e-20
9.55612e-21
5.24844e-21
2.88123e-21
1.58098e-21
8.67121e-22
4.75376e-22
2.60496e-22
1.42684e-22
7.81194e-23
